SM:2026-04-07T19:58:52.2666473Z
LM:2026-04-07T19:58:59.9927569Z
CT:image/webp
MA:2592000
CL:6486
