SM:2026-04-15T11:43:30.6069937Z
LM:2026-04-17T07:45:54.3059007Z
CT:image/webp
MA:2592000
CL:6486
