SM:2026-04-15T11:43:30.6349931Z
LM:2026-04-17T07:45:18.6064980Z
CT:image/webp
MA:2592000
CL:235866
