SM:2026-04-09T19:48:43.6739200Z
LM:2026-04-10T07:15:14.4826137Z
CT:image/png
MA:2592000
CL:72412
