SM:2026-04-07T19:59:24.6898041Z
LM:2026-04-07T20:04:24.6426977Z
CT:image/png
MA:2592000
CL:72742
