SM:2026-04-15T11:37:18.7361183Z
LM:2026-04-21T11:04:21.2175022Z
CT:image/png
MA:2592000
CL:72742
