SM:2026-04-15T11:46:04.9623569Z
LM:2026-04-15T11:46:05.0293009Z
CT:image/png
MA:2592000
CL:72066
