SM:2026-04-15T11:36:08.9368854Z
LM:2026-04-15T11:43:55.3150035Z
CT:image/webp
MA:2592000
CL:8768
