SM:2026-04-15T11:44:14.5564408Z
LM:2026-04-15T11:48:01.7555973Z
CT:image/webp
MA:2592000
CL:186036
