SM:2026-04-15T11:46:04.9303560Z
LM:2026-04-15T11:46:05.0271491Z
CT:image/png
MA:2592000
CL:68548
