SM:2026-03-13T13:47:34.3712649Z
LM:2026-03-13T13:47:37.1827001Z
CT:image/jpeg
MA:2592000
CL:14965
