SM:2026-03-13T13:47:34.3822707Z
LM:2026-03-13T13:47:37.8091252Z
CT:image/jpeg
MA:2592000
CL:30696
