SM:2026-04-15T11:36:08.9018809Z
LM:2026-04-15T11:36:09.7002911Z
CT:image/webp
MA:2592000
CL:3688
