SM:2026-04-21T11:23:04.8834544Z
LM:2026-04-21T11:23:05.1840346Z
CT:image/png
MA:2592000
CL:82166
