SM:2026-04-15T11:46:22.0629521Z
LM:2026-04-15T11:46:22.1120487Z
CT:image/png
MA:2592000
CL:72412
