SM:2026-04-15T11:44:43.7191146Z
LM:2026-04-17T07:57:23.0639501Z
CT:image/png
MA:2592000
CL:106980
