SM:2026-03-13T13:47:34.3832704Z
LM:2026-03-13T13:47:37.1288757Z
CT:image/jpeg
MA:2592000
CL:22586
