SM:2026-04-07T19:58:52.2666473Z
LM:2026-04-11T08:06:49.4173065Z
CT:image/webp
MA:2592000
CL:20066
