SM:2026-04-03T10:59:31.1014939Z
LM:2026-04-03T11:00:19.4827381Z
CT:image/webp
MA:2592000
CL:4076
