SM:2026-04-15T11:36:08.9429847Z
LM:2026-04-15T11:43:55.2046878Z
CT:image/webp
MA:2592000
CL:5496
