SM:2026-04-15T11:36:08.9358849Z
LM:2026-04-15T11:43:55.1674083Z
CT:image/webp
MA:2592000
CL:4070
