SM:2026-04-03T10:59:30.7026859Z
LM:2026-04-03T10:59:31.2379212Z
CT:image/webp
MA:2592000
CL:2480
