SM:2026-04-09T19:48:43.6739200Z
LM:2026-04-10T07:30:30.5678213Z
CT:image/png
MA:2592000
CL:275343
