SM:2026-04-15T11:46:22.0619520Z
LM:2026-04-15T11:46:22.1080744Z
CT:image/png
MA:2592000
CL:67298
