SM:2026-03-13T13:47:34.3762700Z
LM:2026-03-13T13:47:37.2383523Z
CT:image/jpeg
MA:2592000
CL:12153
