SM:2026-03-13T13:47:34.3842700Z
LM:2026-03-13T13:47:37.8084447Z
CT:image/jpeg
MA:2592000
CL:36866
