SM:2026-04-03T10:59:31.1014939Z
LM:2026-04-03T10:59:31.2674639Z
CT:image/webp
MA:2592000
CL:2968
