SM:2026-04-07T20:05:39.1547192Z
LM:2026-04-07T20:05:39.2287432Z
CT:image/png
MA:2592000
CL:71894
