SM:2026-04-15T11:44:43.7531165Z
LM:2026-04-17T07:57:23.0213220Z
CT:image/png
MA:2592000
CL:10993
