SM:2026-04-07T20:02:43.6432854Z
LM:2026-04-07T20:04:24.6418558Z
CT:image/png
MA:2592000
CL:79937
