SM:2026-04-15T11:42:47.1060147Z
LM:2026-04-15T11:42:47.1991900Z
CT:image/png
MA:2592000
CL:79937
