SM:2026-04-15T11:44:14.4023416Z
LM:2026-04-17T07:57:22.3429616Z
CT:image/webp
MA:2592000
CL:4874
