SM:2026-04-15T11:36:22.0040795Z
LM:2026-04-15T11:36:22.2205949Z
CT:image/webp
MA:2592000
CL:21292
