SM:2026-04-15T11:37:32.6869238Z
LM:2026-04-15T11:37:32.9372074Z
CT:image/png
MA:2592000
CL:106417
