SM:2026-03-13T13:47:34.3842700Z
LM:2026-03-13T13:47:37.1648161Z
CT:image/jpeg
MA:2592000
CL:39622
