SM:2026-04-15T11:44:14.4043435Z
LM:2026-04-17T07:57:22.2877777Z
CT:image/webp
MA:2592000
CL:4572
