SM:2026-04-15T11:44:14.4293430Z
LM:2026-04-21T11:04:21.4808640Z
CT:image/webp
MA:2592000
CL:2968
