SM:2026-04-15T11:36:08.9308854Z
LM:2026-04-15T11:36:09.6413133Z
CT:image/webp
MA:2592000
CL:2968
