SM:2026-04-07T20:05:39.1830529Z
LM:2026-04-07T20:05:39.2838180Z
CT:image/png
MA:2592000
CL:72066
