SM:2026-04-07T20:00:26.3295331Z
LM:2026-04-07T20:04:24.6426092Z
CT:image/png
MA:2592000
CL:84993
