SM:2026-04-03T10:59:30.7036860Z
LM:2026-04-03T10:59:31.2659790Z
CT:image/webp
MA:2592000
CL:4874
