SM:2026-04-15T11:37:32.6839223Z
LM:2026-04-15T11:37:33.1286837Z
CT:image/jpeg
MA:2592000
CL:15131
