SM:2026-04-15T11:46:04.9062537Z
LM:2026-04-21T11:04:21.2152140Z
CT:image/png
MA:2592000
CL:71894
