SM:2026-04-15T11:38:53.6465753Z
LM:2026-04-15T11:38:53.6764095Z
CT:image/png
MA:2592000
CL:71894
