SM:2026-04-15T11:44:14.4924409Z
LM:2026-04-15T11:48:02.1138770Z
CT:image/webp
MA:2592000
CL:65110
