SM:2026-04-03T10:59:31.1044939Z
LM:2026-04-03T11:00:19.4829461Z
CT:image/webp
MA:2592000
CL:4070
