SM:2026-04-15T11:44:14.5544411Z
LM:2026-04-17T07:57:22.2893719Z
CT:image/webp
MA:2592000
CL:6920
