SM:2026-03-13T13:47:34.3872711Z
LM:2026-03-13T13:47:37.7425129Z
CT:image/jpeg
MA:2592000
CL:18260
