SM:2026-04-07T20:04:35.0508873Z
LM:2026-04-07T20:04:35.0857238Z
CT:image/png
MA:2592000
CL:57844
