SM:2026-04-15T11:44:14.5544411Z
LM:2026-04-15T11:47:59.7143190Z
CT:image/webp
MA:2592000
CL:125130
