SM:2026-04-15T11:44:14.5564408Z
LM:2026-04-17T07:57:22.2591424Z
CT:image/webp
MA:2592000
CL:5116
