SM:2026-04-03T10:58:18.0390115Z
LM:2026-04-03T10:58:18.4460502Z
CT:image/webp
MA:2592000
CL:4550
