SM:2026-04-03T10:58:41.4354641Z
LM:2026-04-03T10:58:41.5622281Z
CT:image/webp
MA:2592000
CL:2826
