SM:2026-04-15T11:43:30.6059946Z
LM:2026-04-17T07:45:54.4002611Z
CT:image/webp
MA:2592000
CL:6696
