SM:2026-04-15T11:46:04.9052546Z
LM:2026-04-15T11:46:04.9880532Z
CT:image/png
MA:2592000
CL:69770
