SM:2026-04-03T10:59:31.1044939Z
LM:2026-04-03T10:59:31.3187675Z
CT:image/webp
MA:2592000
CL:5582
