SM:2026-04-15T11:44:14.2463170Z
LM:2026-04-17T07:57:22.3438410Z
CT:image/webp
MA:2592000
CL:3198
