SM:2026-04-07T20:01:28.4608221Z
LM:2026-04-07T20:04:24.6025266Z
CT:image/png
MA:2592000
CL:70765
