SM:2026-04-15T11:42:47.1050142Z
LM:2026-04-15T11:42:47.1999128Z
CT:image/png
MA:2592000
CL:49275
