SM:2026-03-13T13:47:34.3862717Z
LM:2026-03-13T13:47:37.5619503Z
CT:image/jpeg
MA:2592000
CL:19583
