SM:2026-03-13T13:47:34.3752662Z
LM:2026-03-13T13:47:37.2215423Z
CT:image/jpeg
MA:2592000
CL:13487
