SM:2026-04-15T11:36:08.9829859Z
LM:2026-04-15T11:43:55.3142653Z
CT:image/webp
MA:2592000
CL:10784
