SM:2026-04-15T11:44:14.5564408Z
LM:2026-04-21T11:04:21.6271578Z
CT:image/webp
MA:2592000
CL:10784
