SM:2026-03-13T13:47:34.3812706Z
LM:2026-03-13T13:47:36.9773988Z
CT:image/jpeg
MA:2592000
CL:38126
