SM:2026-04-03T10:59:31.1024945Z
LM:2026-04-03T11:00:19.6391241Z
CT:image/webp
MA:2592000
CL:5496
