SM:2026-04-15T11:44:14.4934406Z
LM:2026-04-15T11:48:01.8558752Z
CT:image/webp
MA:2592000
CL:70686
