SM:2026-04-15T11:38:53.6445761Z
LM:2026-04-15T11:38:53.6804044Z
CT:image/png
MA:2592000
CL:69770
