SM:2026-03-13T13:47:34.3852706Z
LM:2026-03-13T13:47:37.2634811Z
CT:image/jpeg
MA:2592000
CL:13019
