SM:2026-04-15T11:46:22.0619520Z
LM:2026-04-17T07:45:54.2609651Z
CT:image/png
MA:2592000
CL:106417
