SM:2026-04-15T11:44:14.4934406Z
LM:2026-04-21T11:04:21.4808561Z
CT:image/webp
MA:2592000
CL:4076
