SM:2026-04-15T11:36:08.9008806Z
LM:2026-04-15T11:36:09.6474480Z
CT:image/webp
MA:2592000
CL:4076
