SM:2026-04-15T11:44:14.3348324Z
LM:2026-04-17T07:57:22.2574775Z
CT:image/webp
MA:2592000
CL:2480
