SM:2026-03-13T13:47:34.3802710Z
LM:2026-03-13T13:47:36.9773304Z
CT:image/jpeg
MA:2592000
CL:23718
