SM:2026-04-03T10:59:18.4204141Z
LM:2026-04-03T10:59:18.5367400Z
CT:image/webp
MA:2592000
CL:3198
