SM:2026-04-15T11:36:08.9809841Z
LM:2026-04-15T11:43:55.2022233Z
CT:image/webp
MA:2592000
CL:5594
