SM:2026-03-16T21:41:05.8191177Z
LM:2026-03-26T12:27:13.8162021Z
CT:image/webp
MA:2592000
CL:21292
