SM:2026-04-07T20:05:39.1486104Z
LM:2026-04-07T20:05:39.2299082Z
CT:image/png
MA:2592000
CL:69770
