SM:2026-04-15T11:42:47.1070146Z
LM:2026-04-15T11:42:47.2722169Z
CT:image/png
MA:2592000
CL:84993
