SM:2026-03-13T13:47:34.3812706Z
LM:2026-03-13T13:47:37.8061885Z
CT:image/jpeg
MA:2592000
CL:36532
