SM:2026-04-15T11:44:14.3953418Z
LM:2026-04-17T07:57:22.2575724Z
CT:image/webp
MA:2592000
CL:2794
