SM:2026-03-16T21:41:05.8191177Z
LM:2026-03-19T12:35:02.4804030Z
CT:image/webp
MA:2592000
CL:235866
