SM:2026-04-07T20:02:05.0950998Z
LM:2026-04-07T20:04:24.5982797Z
CT:image/png
MA:2592000
CL:49275
