SM:2026-04-07T20:01:28.4608221Z
LM:2026-04-07T20:01:28.5068563Z
CT:image/png
MA:2592000
CL:70765
