SM:2026-04-15T11:38:53.6455760Z
LM:2026-04-15T11:38:53.6772157Z
CT:image/png
MA:2592000
CL:68548
