SM:2026-04-15T11:42:47.1040143Z
LM:2026-04-15T11:42:47.1989319Z
CT:image/png
MA:2592000
CL:57844
